WebDevelopment [1.0, 0.4, 0.5, 0.33, 0.07, 0.0, 0.0, 0.0, 0.0, 0.0]
OAuth [0.8, 0.5, 0.6, 0.4, 0.2, 0.0, 0.0, 0.0, 0.0, 0.0] 
iOSDevelopment [0.9, 0.5, 0.5, 0.3, 0.1, 0.0, 0.0, 0.0, 0.0, 0.0] 
Meteor [0.8, 0.6, 0.6, 0.4, 0.1, 0.0, 0.0, 0.0, 0.0, 0.0] 
MongoDB [0.8, 0.5, 0.6, 0.4, 0.1, 0.0, 0.0, 0.0, 0.0, 0.0] 
Xcode [0.9, 0.5, 0.5, 0.3, 0.1, 0.0, 0.0, 0.0, 0.0, 0.0] 
Databases [0.8, 0.6, 0.5, 0.4, 0.1, 0.0, 0.0, 0.0, 0.0, 0.0]
DatabaseModeling [0.7, 0.5, 0.7, 0.5, 0.1, 0.1, 0.4, 0.6, 0.2, 0.2]
HTML            [1, 0.5, 0.1, 0.1, 0, 0.2, 0.3, 0.2, 0.1, 0.1]
CSS             [1, 0.5, 0.1, 0.1, 0, 0.2, 0.3, 0.2, 0.1, 0.1]
JavaScript      [1, 1, 0.3, 0.4, 0.5, 0.4, 0.5, 0.2, 0.4, 0.3]
React           [1, 1, 0.3, 0.3, 0.4, 0.2, 0.4, 0.2, 0.1, 0.3]
Angular        [1, 1, 0.3, 0.3, 0.4, 0.2, 0.4, 0.2, 0.1, 0.3]
Vue.js          [1, 1, 0.3, 0.3, 0.4, 0.2, 0.4, 0.2, 0.1, 0.3] 
TypeScript       [1, 1, 0.3, 0.3, 0.4, 0.2, 0.4, 0.2, 0.1, 0.3]
Next.js         [1, 1, 0.3, 0.3, 0.4, 0.2, 0.4, 0.2, 0.1, 0.3]
SASS            [1, 0.5, 0.1, 0.1, 0, 0.2, 0.3, 0.2, 0.1, 0.1]
Bootstrap      [1, 0.5, 0.1, 0.1, 0, 0.2, 0.3, 0.2, 0.1, 0.1]
jQuery         [1, 0.5, 0.1, 0.1, 0, 0.2, 0.25, 0.2, 0.1, 0.1]
Node.js         [0.7, 0.7, 0.2, 0.2, 0.4, 0.3, 0.5, 0.4, 0.3, 0.3]
Express.js      [0.6, 0.6, 0.2, 0.2, 0.4, 0.3, 0.5, 0.4, 0.3, 0.3]
Webpack         [0.5, 0.5, 0.1, 0.1, 0, 0.2, 0.3, 0.2, 0.1, 0.1]
GraphQL         [0.6, 0.6, 0.2, 0.2, 0.4, 0.3, 0.4, 0.3, 0.3, 0.3]
RESTAPIs       [0.7, 0.7, 0.3, 0.3, 0.4, 0.3, 0.5, 0.4, 0.3, 0.3]
SEOFundamentals [0.4, 0.3, 0.2, 0.1, 0, 0.2, 0.3, 0.2, 0.1, 0.1]
Java            [0.8, 0.8, 0.3, 0.3, 0.4, 0.3, 0.4, 0.3, 0.4, 0.3]
Kotlin          [0.5, 0.7, 0.3, 0.3, 0.4, 0.2, 0.3, 0.2, 0.2, 0.3]
Swift           [0.9, 0.5, 0.6, 0.3, 0.1, 0.0, 0.0, 0.0, 0.0, 0.0]
Flutter         [0.6, 1, 0.3, 0.3, 0.4, 0.2, 0.3, 0.2, 0.1, 0.2]
ReactNative    [1, 1, 0.3, 0.3, 0.4, 0.2, 0.3, 0.2, 0.1, 0.3]
Objective-C     [0.5, 0.7, 0.3, 0.2, 0.4, 0.2, 0.2, 0.2, 0.2, 0.3]
Dart            [0.6, 1, 0.3, 0.3, 0.4, 0.2, 0.3, 0.2, 0.1, 0.2]
AndroidSDK     [0.6, 1, 0.3, 0.3, 0.4, 0.2, 0.3, 0.2, 0.2, 0.3]
iOSSDK         [0.6, 1, 0.3, 0.3, 0.4, 0.2, 0.3, 0.2, 0.2, 0.3]
SQLite          [0.4, 0.4, 0.6, 0.3, 0.3, 0.2, 0.3, 0.2, 0.2, 0.3]
Firebase        [0.6, 0.6, 0.4, 0.3, 0.4, 0.3, 0.5, 0.4, 0.3, 0.4]
GoogleMapsAPI [0.8, 0.6, 0.7, 0.5, 0.1, 0.0, 0.0, 0.0, 0.0, 0.0]
Python          [0.6, 0.5, 0.7, 0.6, 0.4, 0.3, 0.5, 0.4, 0.3, 0.5]
R               [0.3, 0.3, 0.8, 0.7, 0.2, 0.1, 0.2, 0.2, 0.1, 0.3]
Pandas          [0.3, 0.3, 0.9, 0.6, 0.2, 0.1, 0.2, 0.2, 0.1, 0.3]
NumPy           [0.3, 0.3, 0.8, 0.5, 0.2, 0.1, 0.2, 0.2, 0.1, 0.3]
Matplotlib      [0.8, 0.6, 0.5, 0.4, 0.1, 0.0, 0.0, 0.0, 0.0, 0.0]
TensorFlow      [0.3, 0.3, 0.5, 0.9, 0.2, 0.1, 0.2, 0.2, 0.1, 0.9]
PyTorch         [0.3, 0.3, 0.5, 0.9, 0.2, 0.1, 0.2, 0.2, 0.1, 0.9]
JupyterNotebooks[0.3, 0.3, 0.9, 0.7, 0.2, 0.1, 0.2, 0.2, 0.1, 0.3]
DataCleaning    [0.3, 0.3, 0.9, 0.7, 0.2, 0.1, 0.2, 0.2, 0.1, 0.3]
DataVisualization[0.4, 0.4, 0.8, 0.6, 0.2, 0.1, 0.3, 0.2, 0.2, 0.3]
StatisticalAnalysis[0.3, 0.3, 0.9, 0.7, 0.2, 0.1, 0.2, 0.2, 0.1, 0.3]
RegressionAnalysis[0.3, 0.3, 0.9, 0.8, 0.2, 0.1, 0.2, 0.2, 0.1, 0.4]
ClusteringAlgorithms[0.3, 0.3, 0.9, 0.8, 0.2, 0.1, 0.2, 0.2, 0.1, 0.4]
ClassificationAlgorithms[0.3, 0.3, 0.8, 0.9, 0.2, 0.1, 0.2, 0.2, 0.1, 0.9]
NLP            [0.3, 0.3, 0.7, 0.8, 0.2, 0.1, 0.2, 0.2, 0.1, 0.6]
TimeSeriesAnalysis[0.3, 0.3, 0.7, 0.8, 0.2, 0.1, 0.2, 0.2, 0.1, 0.6]
ReinforcementLearning   [0.3, 0.3, 0.5, 0.9, 0.2, 0.1, 0.2, 0.2, 0.1, 0.8]
SupervisedLearning   [0.3, 0.3, 0.8, 0.9, 0.2, 0.1, 0.2, 0.2, 0.1, 0.7]
UnsupervisedLearning   [0.3, 0.3, 0.7, 0.8, 0.2, 0.1, 0.2, 0.2, 0.1, 0.6]
NeuralNetworks  [0.3, 0.3, 0.7, 0.8, 0.2, 0.1, 0.2, 0.2, 0.1, 0.6]
DecisionTrees   [0.3, 0.3, 0.8, 0.9, 0.2, 0.1, 0.2, 0.2, 0.1, 0.7]
RandomForest    [0.3, 0.3, 0.8, 0.9, 0.2, 0.1, 0.2, 0.2, 0.1, 0.7]
KNN            [0.3, 0.3, 0.7, 0.8, 0.2, 0.1, 0.2, 0.2, 0.1, 0.6]
SupportVectorMachines [0.3, 0.3, 0.8, 0.9, 0.2, 0.1, 0.2, 0.2, 0.1, 0.7]
NaiveBayes      [0.3, 0.3, 0.8, 0.9, 0.2, 0.1, 0.2, 0.2, 0.1, 0.6]
GradientBoosting [0.3, 0.3, 0.8, 0.9, 0.2, 0.1, 0.2, 0.2, 0.1, 0.7]
XGBoost        [0.3, 0.3, 0.8, 0.9, 0.2, 0.1, 0.2, 0.2, 0.1, 0.7]
HyperparameterTuning [0.3, 0.3, 0.7, 0.8, 0.2, 0.1, 0.2, 0.2, 0.1, 0.6]
CrossValidation [0.3, 0.3, 0.7, 0.8, 0.2, 0.1, 0.2, 0.2, 0.1, 0.6]
ModelEvaluationMetrics[0.3, 0.3, 0.8, 0.9, 0.2, 0.1, 0.2, 0.2, 0.1, 0.7]
FeatureSelection [0.3, 0.3, 0.7, 0.8, 0.2, 0.1, 0.2, 0.2, 0.1, 0.6]
KMeansClustering [0.3, 0.3, 0.8, 0.8, 0.2, 0.1, 0.2, 0.2, 0.1, 0.6]
CNN            [0.3, 0.3, 0.6, 0.9, 0.2, 0.1, 0.2, 0.2, 0.1, 0.9]
RNN            [0.3, 0.3, 0.7, 0.9, 0.2, 0.1, 0.2, 0.2, 0.1, 0.8]
AutoEncoders    [0.3, 0.3, 0.6, 0.9, 0.2, 0.1, 0.2, 0.2, 0.1, 0.8]
ModelDeployment  [0.3, 0.3, 0.5, 0.7, 0.2, 0.1, 0.2, 0.2, 0.1, 0.5]
Solidity         [0.3, 0.4, 0.5, 0.4, 0.9, 0.2, 0.3, 0.2, 0.1, 0.1]
Ethereum         [0.3, 0.4, 0.5, 0.4, 0.9, 0.2, 0.3, 0.2, 0.1, 0.1]
Hyperledger     [0.3, 0.4, 0.5, 0.4, 0.8, 0.2, 0.3, 0.2, 0.1, 0.1]
SmartContracts   [0.3, 0.4, 0.5, 0.4, 0.9, 0.2, 0.3, 0.2, 0.1, 0.1]
Web3.js         [0.3, 0.4, 0.5, 0.4, 0.9, 0.2, 0.3, 0.2, 0.1, 0.1]
TruffleSuite    [0.3, 0.4, 0.5, 0.4, 0.9, 0.2, 0.3, 0.2, 0.1, 0.1]
Ganache         [0.3, 0.4, 0.5, 0.4, 0.9, 0.2, 0.3, 0.2, 0.1, 0.1]
IPFS            [0.3, 0.4, 0.5, 0.4, 0.9, 0.2, 0.3, 0.2, 0.1, 0.2]
NFTs            [0.3, 0.5, 0.4, 0.3, 0.9, 0.2, 0.3, 0.2, 0.1, 0.1]
ERC20Tokens      [0.3, 0.4, 0.5, 0.4, 0.9, 0.2, 0.3, 0.2, 0.1, 0.2]
ERC721Tokens     [0.3, 0.5, 0.4, 0.3, 0.9, 0.2, 0.3, 0.2, 0.1, 0.1]
BlockchainSecurity [0.3, 0.3, 0.4, 0.5, 0.8, 0.9, 0.4, 0.3, 0.2, 0.2]
Tokenomics       [0.3, 0.5, 0.4, 0.3, 0.9, 0.2, 0.3, 0.2, 0.1, 0.1]
NetworkSecurity  [0.3, 0.5, 0.4, 0.3, 0.2, 0.9, 0.4, 0.5, 0.2, 0.2]
Cryptography     [0.3, 0.5, 0.4, 0.3, 0.8, 0.9, 0.5, 0.3, 0.2, 0.2]
EthicalHacking   [0.3, 0.4, 0.3, 0.2, 0.1, 0.9, 0.5, 0.4, 0.2, 0.2]
PenetrationTesting [0.3, 0.4, 0.3, 0.2, 0.1, 0.9, 0.5, 0.4, 0.2, 0.2]
MalwareAnalysis   [0.3, 0.4, 0.3, 0.2, 0.1, 0.9, 0.5, 0.4, 0.2, 0.2]
IncidentResponse  [0.3, 0.4, 0.3, 0.2, 0.1, 0.9, 0.5, 0.4, 0.2, 0.2]
Firewalls        [0.3, 0.4, 0.4, 0.3, 0.1, 0.9, 0.5, 0.4, 0.3, 0.2]
WebApplicationSecurity [0.3, 0.4, 0.5, 0.4, 0.2, 0.9, 0.5, 0.4, 0.3, 0.2]
DataEncryption   [0.3, 0.5, 0.4, 0.3, 0.8, 0.9, 0.5, 0.3, 0.2, 0.2]
DataMasking      [0.3, 0.5, 0.4, 0.3, 0.8, 0.9, 0.5, 0.3, 0.2, 0.2]
ThreatIntelligence [0.3, 0.4, 0.3, 0.2, 0.1, 0.9, 0.5, 0.4, 0.2, 0.2]
CloudSecurity    [0.3, 0.4, 0.5, 0.3, 0.2, 0.9, 0.5, 0.4, 0.2, 0.2]
ZeroTrustSecurity [0.3, 0.4, 0.4, 0.3, 0.1, 0.9, 0.5, 0.4, 0.2, 0.2]
TailwindCSS       [0.9, 0.4, 0.3, 0.2, 0.1, 0.0, 0.2, 0.1, 0.1, 0.0]
RESTAPIs          [0.9, 0.7, 0.5, 0.5, 0.3, 0.3, 0.5, 0.4, 0.2, 0.2]
ResponsiveDesign  [0.9, 0.6, 0.4, 0.3, 0.2, 0.0, 0.3, 0.3, 0.2, 0.1]
WebAccessibility  [0.9, 0.5, 0.4, 0.3, 0.2, 0.0, 0.3, 0.3, 0.1, 0.1]
EthicalHacking    [0.3, 0.4, 0.3, 0.2, 0.1, 0.9, 0.5, 0.4, 0.2, 0.2]
AWS [0.4, 0.4, 0.5, 0.4, 0.7, 0.8, 1, 0.9, 0.5, 0.6]
Docker [0.3, 0.3, 0.4, 0.3, 0.5, 0.6, 1, 0.9, 0.4, 0.5]
Unity [0.2, 0.2, 0.3, 0.2, 0.1, 0.1, 0.2, 0.2, 1, 0.3]
Machinelearning [0.3, 0.3, 0.7, 0.9, 0.3, 0.2, 0.3, 0.3, 0.2, 1]
ContinuousIntegration [0.3, 0.3, 0.4, 0.3, 0.5, 0.6, 1, 0.8, 0.4, 0.5]
Redux [0.7, 0.7, 0.6, 0.5, 0.4, 0.3, 0.6, 0.5, 0.4, 0.6]
Jest [0.7, 0.7, 0.6, 0.5, 0.4, 0.3, 0.6, 0.5, 0.4, 0.5]
Cypress [0.7, 0.7, 0.6, 0.5, 0.4, 0.3, 0.6, 0.5, 0.4, 0.5]
Electron [0.8, 0.7, 0.6, 0.5, 0.4, 0.3, 0.6, 0.5, 0.4, 0.6]
Kubernetes [0.8, 0.7, 0.6, 0.5, 0.4, 0.3, 0.6, 0.5, 0.4, 0.6]
CI/CD [0.8, 0.7, 0.6, 0.5, 0.4, 0.3, 0.6, 0.5, 0.4, 0.6]
Git [0.8, 0.7, 0.6, 0.5, 0.4, 0.3, 0.6, 0.5, 0.4, 0.6]
GitHub [0.8, 0.7, 0.6, 0.5, 0.4, 0.3, 0.6, 0.5, 0.4, 0.6]
GitLab [0.8, 0.7, 0.6, 0.5, 0.4, 0.3, 0.6, 0.5, 0.4, 0.6]
Postman [0.7, 0.7, 0.6, 0.5, 0.4, 0.3, 0.6, 0.5, 0.4, 0.5]
Jira [0.7, 0.7, 0.6, 0.5, 0.4, 0.3, 0.6, 0.5, 0.4, 0.5]
Agile/Scrum [0.7, 0.7, 0.6, 0.5, 0.4, 0.3, 0.6, 0.5, 0.4, 0.5]
Figma [0.8, 0.7, 0.6, 0.5, 0.4, 0.3, 0.6, 0.5, 0.4, 0.6]
Sketch [0.8, 0.7, 0.6, 0.5, 0.4, 0.3, 0.6, 0.5, 0.4, 0.6]
AdobeXD [0.8, 0.7, 0.6, 0.5, 0.4, 0.3, 0.6, 0.5, 0.4, 0.6]
UI/UXDesign [0.8, 0.7, 0.6, 0.5, 0.4, 0.3, 0.6, 0.5, 0.4, 0.6]
TestDrivenDevelopment [0.7, 0.7, 0.6, 0.5, 0.4, 0.3, 0.6, 0.5, 0.4, 0.5]
BehaviorDrivenDevelopment [0.7, 0.7, 0.6, 0.5, 0.4, 0.3, 0.6, 0.5, 0.4, 0.5]
Microservices [0.8, 0.7, 0.6, 0.5, 0.4, 0.3, 0.6, 0.5, 0.4, 0.6]
ServerlessArchitecture [0.8, 0.7, 0.6, 0.5, 0.4, 0.3, 0.6, 0.5, 0.4, 0.6]
Nginx  [0.8, 0.7, 0.6, 0.5, 0.4, 0.3, 0.6, 0.5, 0.4, 0.6]
Apache  [0.8, 0.7, 0.6, 0.5, 0.4, 0.3, 0.6, 0.5, 0.4, 0.6]
FirebaseAuthentication  [0.8, 0.7, 0.6, 0.5, 0.4, 0.3, 0.6, 0.5, 0.4, 0.6]
ServerlessFunctions  [0.8, 0.7, 0.6, 0.5, 0.4, 0.3, 0.6, 0.5, 0.4, 0.6]
BlockchainDevelopment  [0.8, 0.7, 0.6, 0.6, 0.5, 0.3, 0.7, 0.6, 0.5, 0.7]
GraphQL  [0.8, 0.7, 0.6, 0.6, 0.5, 0.3, 0.7, 0.6, 0.5, 0.7]
WebAssembly  [0.7, 0.7, 0.6, 0.5, 0.4, 0.3, 0.6, 0.5, 0.4, 0.6]
DeepLearning  [0.7, 0.6, 0.55, 0.7, 0.5, 0.4, 0.7, 0.6, 0.5, 0.7]
AWSLambda  [0.8, 0.7, 0.6, 0.6, 0.5, 0.4, 0.7, 0.6, 0.5, 0.7]
RESTfulServices  [0.8, 0.7, 0.6, 0.6, 0.5, 0.3, 0.7, 0.6, 0.5, 0.7]
SOAPWebServices  [0.8, 0.7, 0.6, 0.5, 0.4, 0.3, 0.6, 0.5, 0.4, 0.6]
OAuth2  [0.7, 0.7, 0.6, 0.5, 0.4, 0.3, 0.6, 0.5, 0.4, 0.6]
WebSockets  [0.7, 0.7, 0.6, 0.5, 0.4, 0.3, 0.6, 0.5, 0.4, 0.6]
Jenkins  [0.7, 0.7, 0.6, 0.5, 0.4, 0.3, 0.6, 0.5, 0.4, 0.6]
NPM(NodePackageManager)  [0.7, 0.7, 0.6, 0.5, 0.4, 0.3, 0.6, 0.5, 0.4, 0.6]
WebRTC  [0.7, 0.7, 0.6, 0.5, 0.4, 0.3, 0.6, 0.5, 0.4, 0.6]
CloudComputing  [0.6, 0.8, 0.4, 0.3, 0.5, 0.7, 0.6, 0.5, 0.4, 0.6]  
ServerlessArchitecture  [0.5, 0.7, 0.4, 0.3, 0.5, 0.6, 0.7, 0.6, 0.5, 0.5]  
IAM  [0.3, 0.5, 0.4, 0.2, 0.6, 0.7, 0.6, 0.7, 0.4, 0.6]  
CloudNetworking  [0.6, 0.7, 0.5, 0.4, 0.5, 0.6, 0.6, 0.6, 0.5, 0.5]  
VirtualMachines  [0.7, 0.8, 0.6, 0.5, 0.5, 0.6, 0.7, 0.6, 0.6, 0.5]  
CICDPipelines  [0.6, 0.8, 0.5, 0.6, 0.6, 0.7, 0.7, 0.6, 0.5, 0.6]  
Terraform  [0.5, 0.7, 0.6, 0.6, 0.6, 0.7, 0.6, 0.6, 0.6, 0.6]  
CloudMonitoring  [0.5, 0.6, 0.5, 0.4, 0.5, 0.6, 0.6, 0.5, 0.4, 0.6]  
MulticloudArchitecture  [0.6, 0.8, 0.6, 0.5, 0.6, 0.7, 0.7, 0.6, 0.5, 0.6]  
LoadBalancers  [0.5, 0.6, 0.5, 0.5, 0.6, 0.7, 0.6, 0.5, 0.5, 0.6]  
Autoscaling  [0.6, 0.7, 0.5, 0.5, 0.6, 0.6, 0.6, 0.6, 0.5, 0.5]  
APIGateways  [0.5, 0.6, 0.4, 0.4, 0.5, 0.6, 0.5, 0.5, 0.4, 0.5]  
CloudCostOptimization  [0.6, 0.7, 0.5, 0.5, 0.6, 0.7, 0.6, 0.5, 0.5, 0.6]  
DevOps  [0.6, 0.8, 0.6, 0.6, 0.7, 0.8, 0.7, 0.6, 0.6, 0.7]  
ContinuousIntegration  [0.5, 0.6, 0.4, 0.5, 0.5, 0.6, 0.6, 0.5, 0.5, 0.5]  
ContinuousDelivery  [0.5, 0.6, 0.4, 0.5, 0.5, 0.6, 0.6, 0.5, 0.5, 0.5]  
Jenkins  [0.4, 0.6, 0.5, 0.6, 0.5, 0.6, 0.5, 0.5, 0.4, 0.5]  
Helm  [0.3, 0.5, 0.4, 0.5, 0.5, 0.6, 0.5, 0.4, 0.4, 0.5]  
Puppet  [0.3, 0.5, 0.4, 0.5, 0.5, 0.6, 0.5, 0.4, 0.4, 0.5]  
Chef  [0.3, 0.5, 0.4, 0.5, 0.5, 0.6, 0.5, 0.4, 0.4, 0.5]  
Prometheus  [0.4, 0.6, 0.5, 0.5, 0.5, 0.6, 0.5, 0.5, 0.4, 0.5]  
Grafana  [0.4, 0.6, 0.5, 0.5, 0.5, 0.6, 0.5, 0.5, 0.4, 0.5]  
MonitoringandLogging  [0.5, 0.7, 0.5, 0.5, 0.5, 0.6, 0.5, 0.5, 0.5, 0.5]  
InfrastructureasCode  [0.6, 0.8, 0.6, 0.6, 0.7, 0.7, 0.6, 0.6, 0.5, 0.7]  
AutomatedTesting  [0.5, 0.7, 0.6, 0.6, 0.6, 0.7, 0.6, 0.6, 0.6, 0.6]  
BlueGreenDeployment  [0.6, 0.8, 0.6, 0.6, 0.7, 0.8, 0.7, 0.6, 0.6, 0.7]  
CanaryDeployment  [0.6, 0.8, 0.6, 0.6, 0.7, 0.8, 0.7, 0.6, 0.6, 0.7]  
BuildAutomation  [0.6, 0.7, 0.6, 0.5, 0.6, 0.7, 0.6, 0.5, 0.5, 0.6]  
GameDevelopment  [0.6, 0.8, 0.7, 0.6, 0.7, 0.8, 0.7, 0.6, 0.6, 0.7]  
Unity  [0.7, 0.9, 0.7, 0.6, 0.7, 0.8, 0.7, 0.6, 0.6, 0.8]  
GamePhysics  [0.7, 0.9, 0.7, 0.6, 0.7, 0.8, 0.7, 0.6, 0.6, 0.8]  
GameDesignPatterns  [0.6, 0.8, 0.7, 0.7, 0.7, 0.8, 0.7, 0.6, 0.6, 0.7]  
GameUIUX  [0.6, 0.7, 0.6, 0.6, 0.7, 0.8, 0.6, 0.6, 0.5, 0.6]  
AssetManagement  [0.6, 0.8, 0.6, 0.6, 0.7, 0.7, 0.6, 0.5, 0.5, 0.6]  
Animation  [0.7, 0.8, 0.7, 0.6, 0.7, 0.8, 0.7, 0.6, 0.6, 0.7]  
MultiplayerNetworking  [0.7, 0.8, 0.7, 0.6, 0.7, 0.8, 0.7, 0.6, 0.6, 0.7]  
AudioProgramming  [0.6, 0.7, 0.6, 0.6, 0.6, 0.7, 0.6, 0.5, 0.5, 0.6]  
GameScripting  [0.7, 0.8, 0.6, 0.6, 0.6, 0.7, 0.6, 0.5, 0.5, 0.6]  
ShaderProgramming  [0.7, 0.9, 0.8, 0.6, 0.7, 0.8, 0.8, 0.7, 0.6, 0.8]  
ARVRDevelopment  [0.8, 0.9, 0.8, 0.7, 0.8, 0.9, 0.8, 0.7, 0.6, 0.8]  
PerformanceOptimization  [0.7, 0.9, 0.7, 0.6, 0.7, 0.8, 0.7, 0.6, 0.6, 0.7]  
AIinGames  [0.8, 0.9, 0.8, 0.7, 0.8, 0.9, 0.8, 0.7, 0.7, 0.8]  
GameMonetizationStrategies  [0.7, 0.9, 0.8, 0.7, 0.8, 0.8, 0.8, 0.7, 0.7, 0.7]  
ArtificialIntelligence  [0.8, 0.9, 0.8, 0.8, 0.9, 0.9, 0.8, 0.7, 0.7, 0.8]  
TransferLearning  [0.7, 0.9, 0.8, 0.7, 0.8, 0.8, 0.8, 0.7, 0.7, 0.8]  
GANs  [0.8, 0.9, 0.8, 0.8, 0.9, 0.9, 0.8, 0.7, 0.7, 0.8]  
Robotics  [0.8, 0.9, 0.8, 0.8, 0.9, 0.9, 0.8, 0.7, 0.7, 0.8]  
AutonomousSystems  [0.8, 0.9, 0.8, 0.8, 0.9, 0.9, 0.8, 0.7, 0.7, 0.8]  
SpeechRecognition  [0.8, 0.9, 0.8, 0.8, 0.9, 0.9, 0.8, 0.7, 0.7, 0.8]  
AIEthics  [0.7, 0.8, 0.7, 0.7, 0.8, 0.8, 0.7, 0.6, 0.6, 0.7]  
KnowledgeRepresentation  [0.7, 0.8, 0.7, 0.7, 0.8, 0.8, 0.7, 0.6, 0.6, 0.7]  
Prolog  [0.6, 0.7, 0.6, 0.6, 0.7, 0.7, 0.6, 0.5, 0.5, 0.6]  
ExpertSystems  [0.7, 0.8, 0.7, 0.7, 0.8, 0.8, 0.7, 0.6, 0.6, 0.7]  
BayesianNetworks  [0.8, 0.9, 0.8, 0.8, 0.9, 0.9, 0.8, 0.7, 0.7, 0.8]  
HeuristicSearch  [0.8, 0.9, 0.8, 0.8, 0.9, 0.9, 0.8, 0.7, 0.7, 0.8]  
SwarmIntelligence  [0.9, 1.0, 0.9, 0.9, 1.0, 1.0, 0.9, 0.8, 0.8, 0.9]  
GeneticAlgorithms  [0.8, 0.9, 0.8, 0.8, 0.9, 0.9, 0.8, 0.7, 0.7, 0.8]  
MVVMArchitecture [0.6, 0.8, 0.3, 0.3, 0.4, 0.2, 0.4, 0.3, 0.2, 0.3]  
CleanArchitecture [0.7, 0.8, 0.3, 0.3, 0.4, 0.3, 0.5, 0.4, 0.3, 0.4]  
RealmDatabase [0.4, 0.4, 0.7, 0.5, 0.3, 0.2, 0.4, 0.3, 0.2, 0.3]  
InAppPurchases [0.6, 0.7, 0.3, 0.3, 0.3, 0.2, 0.4, 0.3, 0.3, 0.2]  
AppPerformanceOptimization [0.8, 0.9, 0.4, 0.3, 0.3, 0.2, 0.5, 0.4, 0.3, 0.4]  
PushNotifications [0.7, 0.8, 0.3, 0.3, 0.3, 0.2, 0.5, 0.3, 0.3, 0.3]  
ARCore [0.5, 0.6, 0.3, 0.3, 0.2, 0.1, 0.2, 0.2, 0.9, 0.4]  
CoreData [0.4, 0.5, 0.7, 0.5, 0.3, 0.2, 0.4, 0.3, 0.2, 0.3]  
Seaborn [0.3, 0.3, 0.9, 0.6, 0.2, 0.1, 0.3, 0.2, 0.1, 0.4]  
PCA [0.3, 0.3, 0.9, 0.8, 0.3, 0.2, 0.4, 0.3, 0.2, 0.5]  
DeFi [0.2, 0.2, 0.3, 0.2, 0.9, 1, 0.3, 0.2, 0.1, 0.5]  
StakingAndYieldFarming [0.2, 0.2, 0.3, 0.2, 0.9, 1, 0.3, 0.2, 0.1, 0.5]  
ZeroKnowledgeProofs [0.2, 0.2, 0.3, 0.2, 1, 0.9, 0.4, 0.4, 0.1, 0.6]  
Sidechains [0.2, 0.2, 0.3, 0.2, 1, 0.9, 0.4, 0.4, 0.2, 0.6]  
SecurityAuditing [0.3, 0.3, 0.4, 0.3, 0.5, 0.6, 0.7, 1, 0.3, 0.7]  
RiskManagement [0.3, 0.3, 0.4, 0.3, 0.5, 0.6, 0.7, 1, 0.3, 0.7]  
SecureCodingPractices [0.4, 0.4, 0.5, 0.4, 0.5, 0.6, 0.8, 0.9, 0.3, 0.8]  
PKI [0.3, 0.3, 0.4, 0.3, 0.5, 0.6, 0.7, 1, 0.3, 0.8]  
SocialEngineering [0.3, 0.3, 0.4, 0.3, 0.5, 0.6, 0.7, 1, 0.3, 0.6]  
SIEM [0.3, 0.3, 0.4, 0.3, 0.5, 0.7, 0.9, 1, 0.4, 0.8]  
IdentityAndAccessManagement [0.3, 0.3, 0.4, 0.3, 0.5, 0.7, 0.9, 1, 0.4, 0.8]  
DataLossPrevention [0.3, 0.3, 0.4, 0.3, 0.5, 0.7, 0.8, 1, 0.3, 0.7]  
php [0.4, 0.5, 0.7, 0.6, 0.3, 0.2, 0.5, 0.4, 0.2, 0.3]  
mysql [0.5, 0.6, 0.8, 0.7, 0.4, 0.3, 0.6, 0.5, 0.3, 0.4]  
wordpress [0.6, 0.7, 0.8, 0.5, 0.4, 0.3, 0.5, 0.4, 0.3, 0.5]  
CollaborationTools [0.8, 0.7, 0.6, 0.5, 0.4, 0.3, 0.6, 0.5, 0.4, 0.6]
GitWorkflows [0.8, 0.7, 0.6, 0.5, 0.4, 0.3, 0.6, 0.5, 0.4, 0.6]
computervision [0.3, 0.3, 0.7, 0.8, 0.2, 0.1, 0.3, 0.2, 0.1, 0.6]